  0.20833333E-01   0.000000E+00
  0.41666667E-01   0.000000E+00
  0.62500000E-01   0.000000E+00
  0.83333333E-01   0.000000E+00
  0.10416667E+00   0.000000E+00
  0.12500000E+00   0.000000E+00
  0.14583333E+00   0.000000E+00
  0.16666667E+00   0.000000E+00
  0.18750000E+00   0.927849E-01
  0.20833333E+00   0.927849E-01
  0.22916667E+00   0.927849E-01
  0.25000000E+00   0.927849E-01
  0.27083333E+00   0.927849E-01
  0.29166667E+00   0.927849E-01
  0.31250000E+00   0.927849E-01
  0.33333333E+00   0.927849E-01
  0.35416667E+00   0.927849E-01
  0.37500000E+00   0.927849E-01
  0.39583333E+00   0.185570E+00
  0.41666667E+00   0.185570E+00
  0.43750000E+00   0.185570E+00
  0.45833333E+00   0.185570E+00
  0.47916667E+00   0.185570E+00
  0.50000000E+00   0.185570E+00
  0.52083333E+00   0.185570E+00
  0.54166667E+00   0.185570E+00
  0.56250000E+00   0.185570E+00
  0.58333333E+00   0.185570E+00
  0.60416667E+00   0.278355E+00
  0.62500000E+00   0.278355E+00
  0.64583333E+00   0.278355E+00
  0.66666667E+00   0.278355E+00
  0.68750000E+00   0.278355E+00
  0.70833333E+00   0.278355E+00
  0.72916667E+00   0.278355E+00
  0.75000000E+00   0.278355E+00
  0.77083333E+00   0.278355E+00
  0.79166667E+00   0.278355E+00
  0.81250000E+00   0.371140E+00
  0.83333333E+00   0.371140E+00
  0.85416667E+00   0.371140E+00
  0.87500000E+00   0.371140E+00
  0.89583333E+00   0.371140E+00
  0.91666667E+00   0.371140E+00
  0.93750000E+00   0.371140E+00
  0.95833333E+00   0.371140E+00
  0.97916667E+00   0.371140E+00
  0.10000000E+01   0.371140E+00
  0.10208333E+01   0.463925E+00
  0.10416667E+01   0.463925E+00
  0.10625000E+01   0.463925E+00
  0.10833333E+01   0.463925E+00
  0.11041667E+01   0.463925E+00
  0.11250000E+01   0.463925E+00
  0.11458333E+01   0.463925E+00
  0.11666667E+01   0.463925E+00
  0.11875000E+01   0.463925E+00
  0.12083333E+01   0.463925E+00
  0.12291667E+01   0.556709E+00
  0.12500000E+01   0.556709E+00
  0.12708333E+01   0.556709E+00
  0.12916667E+01   0.556709E+00
  0.13125000E+01   0.556709E+00
  0.13333333E+01   0.556709E+00
  0.13541667E+01   0.556709E+00
  0.13750000E+01   0.556709E+00
  0.13958333E+01   0.556709E+00
  0.14166667E+01   0.556709E+00
  0.14375000E+01   0.649494E+00
  0.14583333E+01   0.649494E+00
  0.14791667E+01   0.649494E+00
  0.15000000E+01   0.649494E+00
  0.15208333E+01   0.649494E+00
  0.15416667E+01   0.649494E+00
  0.15625000E+01   0.649494E+00
  0.15833333E+01   0.649494E+00
  0.16041667E+01   0.649494E+00
  0.16250000E+01   0.649494E+00
  0.16458333E+01   0.742279E+00
  0.16666667E+01   0.742279E+00
  0.16875000E+01   0.742279E+00
  0.17083333E+01   0.742279E+00
  0.17291667E+01   0.742279E+00
  0.17500000E+01   0.742279E+00
  0.17708333E+01   0.742279E+00
  0.17916667E+01   0.742279E+00
  0.18125000E+01   0.742279E+00
  0.18333333E+01   0.742279E+00
  0.18541667E+01   0.835064E+00
  0.18750000E+01   0.835064E+00
  0.18958333E+01   0.835064E+00
  0.19166667E+01   0.835064E+00
  0.19375000E+01   0.835064E+00
  0.19583333E+01   0.835064E+00
  0.19791667E+01   0.835064E+00
  0.20000000E+01   0.835064E+00
  0.20208333E+01   0.835064E+00
  0.20416667E+01   0.835064E+00
  0.20625000E+01   0.927849E+00
  0.20833333E+01   0.927849E+00
  0.21041667E+01   0.927849E+00
  0.21250000E+01   0.927849E+00
  0.21458333E+01   0.927849E+00
  0.21666667E+01   0.927849E+00
  0.21875000E+01   0.927849E+00
  0.22083333E+01   0.927849E+00
  0.22291667E+01   0.927849E+00
  0.22500000E+01   0.927849E+00
  0.22708333E+01   0.102063E+01
  0.22916667E+01   0.102063E+01
  0.23125000E+01   0.102063E+01
  0.23333333E+01   0.102063E+01
  0.23541667E+01   0.102063E+01
  0.23750000E+01   0.102063E+01
  0.23958333E+01   0.102063E+01
  0.24166667E+01   0.102063E+01
  0.24375000E+01   0.102063E+01
  0.24583333E+01   0.102063E+01
  0.24791667E+01   0.111342E+01
  0.25000000E+01   0.111342E+01
  0.25208333E+01   0.111342E+01
  0.25416667E+01   0.111342E+01
  0.25625000E+01   0.111342E+01
  0.25833333E+01   0.111342E+01
  0.26041667E+01   0.111342E+01
  0.26250000E+01   0.111342E+01
  0.26458333E+01   0.111342E+01
  0.26666667E+01   0.111342E+01
  0.26875000E+01   0.120620E+01
  0.27083333E+01   0.120620E+01
  0.27291667E+01   0.120620E+01
  0.27500000E+01   0.120620E+01
  0.27708333E+01   0.120620E+01
  0.27916667E+01   0.120620E+01
  0.28125000E+01   0.120620E+01
  0.28333333E+01   0.120620E+01
  0.28541667E+01   0.120620E+01
  0.28750000E+01   0.120620E+01
  0.28958333E+01   0.129899E+01
  0.29166667E+01   0.129899E+01
  0.29375000E+01   0.129899E+01
  0.29583333E+01   0.129899E+01
  0.29791667E+01   0.129899E+01
  0.30000000E+01   0.129899E+01
  0.30208333E+01   0.129899E+01
  0.30416667E+01   0.129899E+01
  0.30625000E+01   0.129899E+01
  0.30833333E+01   0.129899E+01
  0.31041667E+01   0.139177E+01
  0.31250000E+01   0.139177E+01
  0.31458333E+01   0.139177E+01
  0.31666667E+01   0.139177E+01
  0.31875000E+01   0.139177E+01
  0.32083333E+01   0.139177E+01
  0.32291667E+01   0.139177E+01
  0.32500000E+01   0.139177E+01
  0.32708333E+01   0.139177E+01
  0.32916667E+01   0.139177E+01
  0.33125000E+01   0.148456E+01
  0.33333333E+01   0.148456E+01
  0.33541667E+01   0.148456E+01
  0.33750000E+01   0.148456E+01
  0.33958333E+01   0.148456E+01
  0.34166667E+01   0.148456E+01
  0.34375000E+01   0.148456E+01
  0.34583333E+01   0.148456E+01
  0.34791667E+01   0.148456E+01
  0.35000000E+01   0.148456E+01
  0.35208333E+01   0.157734E+01
  0.35416667E+01   0.157734E+01
  0.35625000E+01   0.157734E+01
  0.35833333E+01   0.157734E+01
  0.36041667E+01   0.157734E+01
  0.36250000E+01   0.157734E+01
  0.36458333E+01   0.157734E+01
  0.36666667E+01   0.157734E+01
  0.36875000E+01   0.157734E+01
  0.37083333E+01   0.157734E+01
  0.37291667E+01   0.167013E+01
  0.37500000E+01   0.167013E+01
  0.37708333E+01   0.167013E+01
  0.37916667E+01   0.167013E+01
  0.38125000E+01   0.167013E+01
  0.38333333E+01   0.167013E+01
  0.38541667E+01   0.167013E+01
  0.38750000E+01   0.167013E+01
  0.38958333E+01   0.167013E+01
  0.39166667E+01   0.167013E+01
  0.39375000E+01   0.176291E+01
  0.39583333E+01   0.176291E+01
  0.39791667E+01   0.176291E+01
  0.40000000E+01   0.176291E+01
  0.40208333E+01   0.176291E+01
  0.40416667E+01   0.176291E+01
  0.40625000E+01   0.176291E+01
  0.40833333E+01   0.176291E+01
  0.41041667E+01   0.176291E+01
  0.41250000E+01   0.176291E+01
  0.41458333E+01   0.185570E+01
  0.41666667E+01   0.185570E+01
  0.41875000E+01   0.185570E+01
  0.42083333E+01   0.185570E+01
  0.42291667E+01   0.185570E+01
  0.42500000E+01   0.185570E+01
  0.42708333E+01   0.185570E+01
  0.42916667E+01   0.185570E+01
  0.43125000E+01   0.185570E+01
  0.43333333E+01   0.185570E+01
  0.43541667E+01   0.194848E+01
  0.43750000E+01   0.194848E+01
  0.43958333E+01   0.194848E+01
  0.44166667E+01   0.194848E+01
  0.44375000E+01   0.194848E+01
  0.44583333E+01   0.194848E+01
  0.44791667E+01   0.194848E+01
  0.45000000E+01   0.194848E+01
  0.45208333E+01   0.194848E+01
  0.45416667E+01   0.194848E+01
  0.45625000E+01   0.204127E+01
  0.45833333E+01   0.204127E+01
  0.46041667E+01   0.204127E+01
  0.46250000E+01   0.204127E+01
  0.46458333E+01   0.204127E+01
  0.46666667E+01   0.204127E+01
  0.46875000E+01   0.204127E+01
  0.47083333E+01   0.204127E+01
  0.47291667E+01   0.204127E+01
  0.47500000E+01   0.204127E+01
  0.47708333E+01   0.213405E+01
  0.47916667E+01   0.213405E+01
  0.48125000E+01   0.213405E+01
  0.48333333E+01   0.213405E+01
  0.48541667E+01   0.213405E+01
  0.48750000E+01   0.213405E+01
  0.48958333E+01   0.213405E+01
  0.49166667E+01   0.213405E+01
  0.49375000E+01   0.213405E+01
  0.49583333E+01   0.213405E+01
  0.49791667E+01   0.222684E+01
  0.50000000E+01   0.222684E+01
